5.48
5.48
5.42
5.56
5.57
5.71
5.69
5.75
5.82
5.76
5.83
5.85
5.91
5.89
5.86
5.83
5.81
5.75
5.9
6.14
5.92
5.85
5.87
5.92
5.83
5.86
5.88
6.1
6.1
6.15
6.21
6.27
6.28
6.27
6.3
6.32
6.27
6.09
6.17
6.18
6.24
6.23
6.3
6.39
6.37
6.41
6.38
6.36
6.21
6.11
6.06
5.38
5.89
5.19
5.38
5.38
5.24
5.02
5.07
5.05
5.02
4.85
4.69
4.54
4.31
4.34
4.1
4.08
3.87
3.83
3.84
3.74
3.57
3.7
3.67
3.64
3.52
3.45
3.65
3.65
3.64
3.56
3.56
3.57
3.52
3.45
3.42
3.45
3.44
2.74
2.22
2.38
2.21
2.25
2.19
2.14
2.01
1.83
1.94
1.92
1.74
1.66
1.71
1.75
1.73
1.68
1.64
1.72
1.76
1.76
1.73
1.74
1.77
1.81
1.86
1.88
1.85
1.8
1.73
1.74
1.73
1.77
1.76
1.78
1.75
1.75
1.75
1.74
1.71
1.7
1.72
1.72
1.72
1.7
1.68
1.62
1.62
1.62
1.65
1.68
1.66
1.69
1.65
1.63
1.61
1.58
1.71
1.59
1.43
1.22
1.21
1.22
1.22
1.21
1.21
1.18
1.22
1.2
1.18
1.17
1.18
1.17
1.19
1.19
1.2
1.19
1.1
1.14
1.18
1.12
1.15
1.18
1.17
1.13
1.11
1.06
1.06
1.1
1.04
0.92
0.81
0.91
0.87
0.89
0.91
0.93
0.95
0.96
0.95
0.98
0.98
0.98
0.97
0.96
0.95
0.96
0.94
0.93
0.93
0.96
0.95
0.95
0.95
0.94
0.93
0.9
0.89
0.87
0.91
0.89
0.89
0.91
0.94
0.95
0.94
0.96
0.97
0.97
0.96
0.93
0.93
0.95
0.95
0.95
0.97
0.97
1.0
1.0
1.03
1.06
1.21
1.41
1.33
1.38
1.34
1.34
1.36
1.46
1.48
1.5
1.48
1.54
1.59
1.65
1.65
1.67
1.71
1.72
1.71
1.74
1.85
1.91
1.98
2.08
2.15
2.23
2.25
2.24
2.22
2.25
2.33
2.34
2.37
2.41
2.51
2.51
2.57
2.69
2.76
2.75
2.79
2.79
2.84
2.8
2.79
2.79
2.93
2.9
2.87
2.83
2.9
2.97
3.02
3.03
3.02
3.15
3.22
3.21
3.31
3.43
3.49
3.52
3.54
3.53
3.54
3.49
3.42
3.41
3.41
3.46
3.58
3.75
3.85
3.88
3.94
3.97
4.01
3.98
4.04
3.9
3.96
3.98
4.19
4.3
4.35
4.45
4.48
4.52
4.55
4.6
4.62
4.62
4.64
4.65
4.63
4.63
4.69
4.72
4.75
4.82
4.87
4.86
4.83
4.84
4.86
4.89
4.92
5.05
5.01
5.06
5.11
5.11
5.1
5.07
5.07
5.09
5.05
4.97
4.95
4.92
4.87
4.94
4.94
5.05
5.09
5.11
5.09
5.1
5.09
5.05
5.01
4.93
4.96
4.99
5.05
5.09
5.12
5.14
5.13
5.16
5.17
5.18
5.12
5.1
5.04
5.08
5.04
5.05
5.02
5.02
4.99
4.95
4.9
4.87
4.84
4.88
4.81
4.73
4.63
4.82
4.95
4.95
4.96
5.02
4.96
4.94
4.64
3.59
4.4
4.36
4.03
3.93
3.73
3.96
4.12
3.76
3.76
3.94
3.81
3.38
3.4
3.13
3.06
3.05
3.07
3.33
3.26
3.22
3.14
2.37
1.96
2.17
2.31
2.2
1.85
1.45
1.18
1.24
1.38
1.45
1.08
1.34
1.43
1.43
1.53
1.77
1.82
1.89
1.85
2.02
1.99
1.83
1.87
1.82
1.37
1.59
1.7
1.64
1.85
1.71
1.67
1.69
1.61
0.23
0.76
0.63
0.6
0.83
0.89
0.46
0.46
0.31
0.12
0.13
0.06
0.03
0.04
0.02
0.11
0.09
0.11
0.11
0.24
0.28
0.29
0.29
0.28
0.23
0.24
0.22
0.18
0.2
0.17
0.15
0.13
0.19
0.19
0.19
0.18
0.17
0.14
0.18
0.17
0.19
0.17
0.19
0.19
0.19
0.18
0.17
0.17
0.17
0.15
0.15
0.14
0.08
0.1
0.1
0.07
0.08
0.08
0.06
0.07
0.06
0.06
0.05
0.05
0.03
0.04
0.07
0.06
0.05
0.06
0.06
0.1
0.12
0.1
0.12
0.14
0.16
0.16
0.14
0.16
0.17
0.16
0.16
0.16
0.16
0.16
0.17
0.17
0.17
0.16
0.1
0.1
0.13
0.18
0.15
0.15
0.16
0.15
0.15
0.16
0.16
0.16
0.14
0.14
0.16
0.15
0.16
0.12
0.14
0.13
0.12
0.13
0.14
0.15
0.17
0.17
0.14
0.15
0.14
0.13
0.14
0.15
0.16
0.15
0.14
0.12
0.09
0.13
0.12
0.08
0.07
0.09
0.07
0.04
0.07
0.07
0.05
0.03
0.04
0.06
0.06
0.05
0.05
0.05
0.03
0.03
0.01
0.01
0.02
0.08
0.02
0.02
0.01
0.02
0.02
0.02
0.01
0.0
0.02
0.01
0.02
0.02
0.01
0.01
0.01
0.02
0.02
0.01
0.01
0.01
0.01
0.01
0.02
0.03
0.05
0.06
0.08
0.09
0.09
0.12
0.08
0.09
0.1
0.09
0.08
0.09
0.08
0.08
0.1
0.1
0.1
0.09
0.09
0.08
0.1
0.09
0.09
0.1
0.09
0.1
0.09
0.1
0.1
0.11
0.09
0.11
0.12
0.11
0.1
0.11
0.09
0.1
0.11
0.1
0.12
0.11
0.11
0.08
0.1
0.1
0.07
0.05
0.08
0.08
0.07
0.07
0.08
0.07
0.07
0.09
0.12
0.14
0.08
0.1
0.07
0.07
0.06
0.07
0.06
0.06
0.06
0.04
0.04
0.04
0.04
0.05
0.05
0.05
0.06
0.04
0.04
0.04
0.03
0.03
0.04
0.05
0.05
0.03
0.03
0.02
0.02
0.02
0.02
0.03
0.14
0.04
0.04
0.05
0.08
0.08
0.07
0.06
0.07
0.06
0.07
0.05
0.03
0.03
0.04
0.05
0.06
0.05
0.06
0.05
0.06
0.05
0.06
0.05
0.02
0.04
0.04
0.01
0.03
0.03
0.03
0.03
0.04
0.04
0.04
0.02
0.03
0.04
0.03
0.03
0.03
0.04
0.04
0.04
0.03
0.04
0.03
0.02
0.02
0.01
0.02
0.02
0.02
0.02
0.03
0.03
0.02
0.02
0.02
0.02
0.02
0.04
0.03
0.03
0.03
0.03
0.02
0.02
0.01
0.01
0.02
0.03
0.02
0.03
0.03
0.03
0.02
0.03
0.02
0.03
0.01
0.01
0.01
0.02
0.01
0.03
0.02
0.01
0.01
0.02
0.02
0.04
0.05
0.08
0.08
0.12
0.1
0.06
0.08
0.06
0.07
0.0
0.01
0.0
0.0
0.01
0.04
0.05
0.14
0.11
0.18
0.23
0.23
0.19
0.23
0.2
0.21
0.26
0.32
0.33
0.31
0.31
0.3
0.32
0.28
0.32
0.29
0.3
0.23
0.23
0.22
0.23
0.22
0.19
0.29
0.33
0.32
0.28
0.27
0.28
0.27
0.28
0.29
0.31
0.31
0.29
0.29
0.27
0.27
0.3
0.33
0.34
0.33
0.22
0.27
0.32
0.3
0.35
0.3
0.38
0.48
0.44
0.48
0.49
0.51
0.52
0.51
0.53
0.52
0.52
0.51
0.52
0.54
0.53
0.52
0.52
0.71
0.75
0.73
0.78
0.76
0.82
0.83
0.81
0.83
0.91
0.9
0.93
0.93
0.97
1.0
1.01
1.0
1.05
1.05
1.11
1.13
1.08
1.06
1.02
1.0
1.03
1.03
1.05
1.05
1.04
1.06
1.07
1.09
1.11
1.1
1.18
1.23
1.29
1.27
1.29
1.33
1.38
1.47
