0.00036590469665884526
0.00036590469665884526
0.00036590469665884526
0.00036590469665884526
0.00036405048336612955
0.0003683509585389522
0.0003686546818040592
0.000372859848010505
0.00037226440772191393
0.00037404552445495563
0.00037610397259246086
0.00037434086679651203
0.00037639634373965337
0.0003769798286404935
0.0003787203109448045
0.0003781418026772232
0.0003772709448169587
0.00037639634373965337
0.00037581118069004884
0.00037404552445495563
0.0003784312623846753
0.0003852575973245242
0.00037900894953533546
0.0003769798286404935
0.0003775616450838992
0.00037900894953533546
0.00037639634373965337
0.0003772709448169587
0.00037785193063961665
0.0003841356522156225
0.0003841356522156225
0.0003855371203652047
0.0003872062491585426
0.000388861810164991
0.0003891364334998326
0.000388861810164991
0.0003896845719939157
0.00039023123959281314
0.000388861810164991
0.0003838541973274778
0.00038609501802418846
0.0003863733947566206
0.0003880357117004274
0.0003877595993377492
0.0003896845719939157
0.00039213310708401393
0.0003915915254353819
0.0003926732531081201
0.0003918624961942441
0.00039132019383959494
0.0003872062491585426
0.00038441671858001846
0.0003830074906357606
0.0003628048750245383
0.0003781418026772232
0.00035678164942239745
0.0003628048750245383
0.0003628048750245383
0.0003583841060598725
0.0003512367137792194
0.00035288335738701713
0.0003522263020288641
0.0003512367137792194
0.000345536027063531
0.0003400202607833358
0.00033470929117092486
0.0003262854334808063
0.0003274042712009195
0.0003182754840890967
0.0003174958332708422
0.00030912275055761996
0.0003074877999334924
0.00030789777911027105
0.0003037600710965926
0.0002965254232990655
0.0003020809670942137
0.0003008124158408099
0.0002995358468369758
0.00029434730276094444
0.00029125789875166007
0.0002999622670172175
0.0002999622670172175
0.0002995358468369758
0.0002960916751878062
0.0002960916751878062
0.0002965254232990655
0.00029434730276094444
0.00029125789875166007
0.00028991925147915155
0.00029125789875166007
0.0002908126690370838
0.00025691512016566163
0.00022742866590129917
0.00023697104752688381
0.0002268169222096872
0.0002292527796806909
0.0002255878073489792
0.0002224816439969768
0.00021417282366356094
0.00020206768918149988
0.00020955185835071387
0.0002082117531485239
0.00019572891889860556
0.00018992061673736904
0.00019357053795439726
0.00019644323144921039
0.0001950120449121151
0.00019138859458783575
0.00018844177355273662
0.00019429259087156981
0.00019715500098065552
0.00019715500098065552
0.0001950120449121151
0.00019572891889860556
0.00019786424571111906
0.0002006763341956397
0.00020413674353986444
0.00020550432084010418
0.0002034494335899284
0.00019997701035963988
0.0001950120449121151
0.00019572891889860556
0.0001950120449121151
0.00019786424571111906
0.00019715500098065552
0.0001985709836630778
0.00019644323144921039
0.00019644323144921039
0.00019644323144921039
0.00019572891889860556
0.00019357053795439726
0.0001928458671306177
0.00019429259087156981
0.00019429259087156981
0.00019429259087156981
0.0001928458671306177
0.00019138859458783575
0.00018695190138025674
0.00018695190138025674
0.00018695190138025674
0.00018918256345389127
0.00019138859458783575
0.00018992061673736904
0.0001921185591597774
0.00018918256345389127
0.00018769822646301558
0.0001862027772628472
0.0001839383966529784
0.00019357053795439726
0.0001846960465501435
0.00017221440061952588
0.00015454887217191126
0.00015366728462901547
0.00015454887217191126
0.00015454887217191126
0.00015366728462901547
0.00015366728462901547
0.00015099885347820806
0.00015454887217191126
0.00015278177600123178
0.00015099885347820806
0.00015010136736107294
0.00015099885347820806
0.00015010136736107294
0.0001518923109060255
0.0001518923109060255
0.00015278177600123178
0.0001518923109060255
0.0001437029997884376
0.00014738436574300185
0.00015099885347820806
0.0001455521983895869
0.0001482941611201194
0.00015099885347820806
0.00015010136736107294
0.00014647039115083693
0.00014462974795624418
0.00013995220834534417
0.00013995220834534417
0.0001437029997884376
0.00013804994165363515
0.00012623730116014808
0.00011475475482769504
0.00012522045521926595
0.00012110017110893657
0.00012317100396836534
0.00012522045521926595
0.00012724896608508728
0.00012925696422882326
0.0001302534011028089
0.00012925696422882326
0.00013223140371693587
0.00013223140371693587
0.00013223140371693587
0.00013124486430392322
0.0001302534011028089
0.00012925696422882326
0.0001302534011028089
0.00012825550303272593
0.00012724896608508728
0.00012724896608508728
0.0001302534011028089
0.00012925696422882326
0.00012925696422882326
0.00012925696422882326
0.00012825550303272593
0.00012724896608508728
0.0001241983743939401
0.00012317100396836534
0.00012110017110893657
0.00012522045521926595
0.00012317100396836534
0.00012317100396836534
0.00012522045521926595
0.00012825550303272593
0.00012925696422882326
0.00012825550303272593
0.0001302534011028089
0.00013124486430392322
0.00013124486430392322
0.0001302534011028089
0.00012724896608508728
0.00012724896608508728
0.00012925696422882326
0.00012925696422882326
0.00012925696422882326
0.00013124486430392322
0.00013124486430392322
0.0001341899069870034
0.0001341899069870034
0.00013709193831473732
0.00013995220834534417
0.00015366728462901547
0.0001705978297378108
0.0001639972047941063
0.0001681481334387813
0.00016483433469853813
0.00016483433469853813
0.00016649811989728704
0.0001746149533018726
0.0001761994227449004
0.00017777140916911183
0.0001761994227449004
0.0001808787164699366
0.0001846960465501435
0.00018918256345389127
0.00018918256345389127
0.00019065595374397447
0.00019357053795439726
0.00019429259087156981
0.00019357053795439726
0.00019572891889860556
0.0002034494335899284
0.00020753832096457092
0.00021220545346272823
0.0002186895703437397
0.00022310673894629485
0.0002280385491332204
0.0002292527796806909
0.00022864658329728725
0.00022742866590129917
0.0002292527796806909
0.0002340375115700133
0.00023462765920296614
0.00023638776052458343
0.0002387108074999378
0.0002444034875130541
0.0002444034875130541
0.0002477432262882928
0.0002542606676726966
0.0002579671679040296
0.0002574418319130367
0.0002595349934341784
0.0002595349934341784
0.0002621211853172478
0.0002600548982117279
0.0002595349934341784
0.0002595349934341784
0.00026669418796018804
0.0002651813692165539
0.0002636570938648708
0.00026160659953323285
0.0002651813692165539
0.0002686937559611358
0.00027116561109136406
0.00027165636198806854
0.00027116561109136406
0.0002774539689313893
0.0002807604401858277
0.00028029139507505183
0.0002849334519832092
0.0002903664547486362
0.000293029058988139
0.00029434730276094444
0.0002952213731510156
0.00029478481105865484
0.0002952213731510156
0.000293029058988139
0.00028991925147915155
0.00028947105479169675
0.00028947105479169675
0.0002917021482700521
0.0002969582415391026
0.00030417767556630395
0.0003083069283526219
0.0003095294302303597
0.0003119524764190862
0.0003131531964758039
0.00031474314612584654
0.0003135518573184015
0.0003159274590914363
0.0003103403433382335
0.00031275374814683456
0.0003135518573184015
0.00032174720681262816
0.0003259111095002365
0.0003277758475508774
0.0003314545905438937
0.00033254531042777426
0.0003339905290920209
0.00033506771842017224
0.0003368504069886136
0.0003375591150446633
0.0003375591150446633
0.00033826535381376033
0.0003386175526335422
0.0003379125420036444
0.0003379125420036444
0.0003400202607833358
0.0003410659595896925
0.0003421062932057972
0.0003445131827502213
0.00034621506917347666
0.0003458758322413447
0.0003448547042584149
0.0003451956517143873
0.0003458758322413447
0.00034689184595455114
0.0003479027968667059
0.0003522263020288641
0.00035090577594341975
0.000352555095557765
0.00035419112225347103
0.00035419112225347103
0.0003538649699709695
0.00035288335738701713
0.00035288335738701713
0.0003535382928726838
0.0003522263020288641
0.00034957660172521
0.00034890873567095193
0.0003479027968667059
0.00034621506917347666
0.0003485739765393192
0.0003485739765393192
0.0003522263020288641
0.0003535382928726838
0.00035419112225347103
0.0003535382928726838
0.0003538649699709695
0.0003535382928726838
0.0003522263020288641
0.00035090577594341975
0.0003482386642210078
0.00034924294345596075
0.0003502422769942659
0.0003522263020288641
0.0003535382928726838
0.0003545167514201975
0.0003551664471650451
0.0003548418591628821
0.00035581407064108725
0.0003561371094413812
0.00035645963515408053
0.0003545167514201975
0.0003538649699709695
0.00035189697505811913
0.00035321108925027154
0.00035189697505811913
0.0003522263020288641
0.0003512367137792194
0.0003512367137792194
0.0003502422769942659
0.00034890873567095193
0.00034722938960621394
0.00034621506917347666
0.0003451956517143873
0.00034655373977581893
0.00034417108523443485
0.00034141333084510174
0.0003379125420036444
0.0003445131827502213
0.00034890873567095193
0.00034890873567095193
0.00034924294345596075
0.0003512367137792194
0.00034924294345596075
0.0003485739765393192
0.00033826535381376033
0.00029739013392514834
0.0003296235710149276
0.0003281467433454499
0.0003155334581041824
0.00031155064666736675
0.0003033416016520052
0.00031275374814683456
0.0003190521419982084
0.0003045944186644034
0.0003045944186644034
0.0003119524764190862
0.0003066653381275586
0.00028812045940028284
0.00028902186021932506
0.0002764992126539556
0.00027312148074685403
0.00027263429099582125
0.0002736074950181622
0.000285849175779338
0.0002826257829543266
0.0002807604401858277
0.00027697715624949606
0.00023638776052458343
0.0002108830521641991
0.0002243511112735752
0.00023285198380311955
0.00022620330656059507
0.0002034494335899284
0.00017381797456724523
0.00015099885347820806
0.00015630042317140935
0.0001681481334387813
0.00017381797456724523
0.000141836447139152
0.00016483433469853813
0.00017221440061952588
0.00017221440061952588
0.00018010641289221141
0.00019786424571111906
0.00020137322144127002
0.00020618462044583286
0.0002034494335899284
0.0002148243422209961
0.00021286339341706651
0.00020206768918149988
0.0002048217005527686
0.00020137322144127002
0.0001673248337222111
0.0001846960465501435
0.0001928458671306177
0.00018844177355273662
0.0002034494335899284
0.00019357053795439726
0.00019065595374397447
0.0001921185591597774
0.0001862027772628472
3.9889765917056066e-05
0.00010930728012813029
9.440048327326034e-05
9.0795022017649e-05
0.0001168925243545993
0.00012317100396836534
7.30417002650463e-05
7.30417002650463e-05
5.206335669403428e-05
2.1817744079537515e-05
2.3531033029595693e-05
1.12118398282135e-05
5.686000964286731e-06
7.54528997614079e-06
3.8089227674453773e-06
2.0089385902342105e-05
1.6586374091545064e-05
2.0089385902342105e-05
2.0089385902342105e-05
4.1453254915753136e-05
4.7585955160922563e-05
4.908975470419685e-05
4.908975470419685e-05
4.7585955160922563e-05
3.9889765917056066e-05
4.1453254915753136e-05
3.831376003126774e-05
3.188040998522101e-05
3.512337636941698e-05
3.0238655474974507e-05
2.6913448445793352e-05
2.3531033029595693e-05
3.3508575192937596e-05
3.3508575192937596e-05
3.3508575192937596e-05
3.188040998522101e-05
3.0238655474974507e-05
2.5229515763818266e-05
3.188040998522101e-05
3.0238655474974507e-05
3.3508575192937596e-05
3.0238655474974507e-05
3.3508575192937596e-05
3.3508575192937596e-05
3.3508575192937596e-05
3.188040998522101e-05
3.0238655474974507e-05
3.0238655474974507e-05
3.0238655474974507e-05
2.6913448445793352e-05
2.6913448445793352e-05
2.5229515763818266e-05
1.4811157920018302e-05
1.834568839232942e-05
1.834568839232942e-05
1.3019746893534467e-05
1.4811157920018302e-05
1.4811157920018302e-05
1.12118398282135e-05
1.3019746893534467e-05
1.12118398282135e-05
1.12118398282135e-05
9.387127031117437e-06
9.387127031117437e-06
5.686000964286731e-06
7.54528997614079e-06
1.3019746893534467e-05
1.12118398282135e-05
9.387127031117437e-06
1.12118398282135e-05
1.12118398282135e-05
1.834568839232942e-05
2.1817744079537515e-05
1.834568839232942e-05
2.1817744079537515e-05
2.5229515763818266e-05
2.8583080627446743e-05
2.8583080627446743e-05
2.5229515763818266e-05
2.8583080627446743e-05
3.0238655474974507e-05
2.8583080627446743e-05
2.8583080627446743e-05
2.8583080627446743e-05
2.8583080627446743e-05
2.8583080627446743e-05
3.0238655474974507e-05
3.0238655474974507e-05
3.0238655474974507e-05
2.8583080627446743e-05
1.834568839232942e-05
1.834568839232942e-05
2.3531033029595693e-05
3.188040998522101e-05
2.6913448445793352e-05
2.6913448445793352e-05
2.8583080627446743e-05
2.6913448445793352e-05
2.6913448445793352e-05
2.8583080627446743e-05
2.8583080627446743e-05
2.8583080627446743e-05
2.5229515763818266e-05
2.5229515763818266e-05
2.8583080627446743e-05
2.6913448445793352e-05
2.8583080627446743e-05
2.1817744079537515e-05
2.5229515763818266e-05
2.3531033029595693e-05
2.1817744079537515e-05
2.3531033029595693e-05
2.5229515763818266e-05
2.6913448445793352e-05
3.0238655474974507e-05
3.0238655474974507e-05
2.5229515763818266e-05
2.6913448445793352e-05
2.5229515763818266e-05
2.3531033029595693e-05
2.5229515763818266e-05
2.6913448445793352e-05
2.8583080627446743e-05
2.6913448445793352e-05
2.5229515763818266e-05
2.1817744079537515e-05
1.6586374091545064e-05
2.3531033029595693e-05
2.1817744079537515e-05
1.4811157920018302e-05
1.3019746893534467e-05
1.6586374091545064e-05
1.3019746893534467e-05
7.54528997614079e-06
1.3019746893534467e-05
1.3019746893534467e-05
9.387127031117437e-06
5.686000964286731e-06
7.54528997614079e-06
1.12118398282135e-05
1.12118398282135e-05
9.387127031117437e-06
9.387127031117437e-06
9.387127031117437e-06
5.686000964286731e-06
5.686000964286731e-06
1.913708254677182e-06
1.913708254677182e-06
3.8089227674453773e-06
1.4811157920018302e-05
3.8089227674453773e-06
3.8089227674453773e-06
1.913708254677182e-06
3.8089227674453773e-06
3.8089227674453773e-06
3.8089227674453773e-06
1.913708254677182e-06
0.0
3.8089227674453773e-06
1.913708254677182e-06
3.8089227674453773e-06
3.8089227674453773e-06
1.913708254677182e-06
1.913708254677182e-06
1.913708254677182e-06
3.8089227674453773e-06
3.8089227674453773e-06
1.913708254677182e-06
1.913708254677182e-06
1.913708254677182e-06
1.913708254677182e-06
1.913708254677182e-06
3.8089227674453773e-06
5.686000964286731e-06
9.387127031117437e-06
1.12118398282135e-05
1.4811157920018302e-05
1.6586374091545064e-05
1.6586374091545064e-05
2.1817744079537515e-05
1.4811157920018302e-05
1.6586374091545064e-05
1.834568839232942e-05
1.6586374091545064e-05
1.4811157920018302e-05
1.6586374091545064e-05
1.4811157920018302e-05
1.4811157920018302e-05
1.834568839232942e-05
1.834568839232942e-05
1.834568839232942e-05
1.6586374091545064e-05
1.6586374091545064e-05
1.4811157920018302e-05
1.834568839232942e-05
1.6586374091545064e-05
1.6586374091545064e-05
1.834568839232942e-05
1.6586374091545064e-05
1.834568839232942e-05
1.6586374091545064e-05
1.834568839232942e-05
1.834568839232942e-05
2.0089385902342105e-05
1.6586374091545064e-05
2.0089385902342105e-05
2.1817744079537515e-05
2.0089385902342105e-05
1.834568839232942e-05
2.0089385902342105e-05
1.6586374091545064e-05
1.834568839232942e-05
2.0089385902342105e-05
1.834568839232942e-05
2.1817744079537515e-05
2.0089385902342105e-05
2.0089385902342105e-05
1.4811157920018302e-05
1.834568839232942e-05
1.834568839232942e-05
1.3019746893534467e-05
9.387127031117437e-06
1.4811157920018302e-05
1.4811157920018302e-05
1.3019746893534467e-05
1.3019746893534467e-05
1.4811157920018302e-05
1.3019746893534467e-05
1.3019746893534467e-05
1.6586374091545064e-05
2.1817744079537515e-05
2.5229515763818266e-05
1.4811157920018302e-05
1.834568839232942e-05
1.3019746893534467e-05
1.3019746893534467e-05
1.12118398282135e-05
1.3019746893534467e-05
1.12118398282135e-05
1.12118398282135e-05
1.12118398282135e-05
7.54528997614079e-06
7.54528997614079e-06
7.54528997614079e-06
7.54528997614079e-06
9.387127031117437e-06
9.387127031117437e-06
9.387127031117437e-06
1.12118398282135e-05
7.54528997614079e-06
7.54528997614079e-06
7.54528997614079e-06
5.686000964286731e-06
5.686000964286731e-06
7.54528997614079e-06
9.387127031117437e-06
9.387127031117437e-06
5.686000964286731e-06
5.686000964286731e-06
3.8089227674453773e-06
3.8089227674453773e-06
3.8089227674453773e-06
3.8089227674453773e-06
5.686000964286731e-06
2.5229515763818266e-05
7.54528997614079e-06
7.54528997614079e-06
9.387127031117437e-06
1.4811157920018302e-05
1.4811157920018302e-05
1.3019746893534467e-05
1.12118398282135e-05
1.3019746893534467e-05
1.12118398282135e-05
1.3019746893534467e-05
9.387127031117437e-06
5.686000964286731e-06
5.686000964286731e-06
7.54528997614079e-06
9.387127031117437e-06
1.12118398282135e-05
9.387127031117437e-06
1.12118398282135e-05
9.387127031117437e-06
1.12118398282135e-05
9.387127031117437e-06
1.12118398282135e-05
9.387127031117437e-06
3.8089227674453773e-06
7.54528997614079e-06
7.54528997614079e-06
1.913708254677182e-06
5.686000964286731e-06
5.686000964286731e-06
5.686000964286731e-06
5.686000964286731e-06
7.54528997614079e-06
7.54528997614079e-06
7.54528997614079e-06
3.8089227674453773e-06
5.686000964286731e-06
7.54528997614079e-06
5.686000964286731e-06
5.686000964286731e-06
5.686000964286731e-06
7.54528997614079e-06
7.54528997614079e-06
7.54528997614079e-06
5.686000964286731e-06
7.54528997614079e-06
5.686000964286731e-06
3.8089227674453773e-06
3.8089227674453773e-06
1.913708254677182e-06
3.8089227674453773e-06
3.8089227674453773e-06
3.8089227674453773e-06
3.8089227674453773e-06
5.686000964286731e-06
5.686000964286731e-06
3.8089227674453773e-06
3.8089227674453773e-06
3.8089227674453773e-06
3.8089227674453773e-06
3.8089227674453773e-06
7.54528997614079e-06
5.686000964286731e-06
5.686000964286731e-06
5.686000964286731e-06
5.686000964286731e-06
3.8089227674453773e-06
3.8089227674453773e-06
1.913708254677182e-06
1.913708254677182e-06
3.8089227674453773e-06
5.686000964286731e-06
3.8089227674453773e-06
5.686000964286731e-06
5.686000964286731e-06
5.686000964286731e-06
3.8089227674453773e-06
5.686000964286731e-06
3.8089227674453773e-06
5.686000964286731e-06
1.913708254677182e-06
1.913708254677182e-06
1.913708254677182e-06
3.8089227674453773e-06
1.913708254677182e-06
5.686000964286731e-06
3.8089227674453773e-06
1.913708254677182e-06
1.913708254677182e-06
3.8089227674453773e-06
3.8089227674453773e-06
7.54528997614079e-06
9.387127031117437e-06
1.4811157920018302e-05
1.4811157920018302e-05
2.1817744079537515e-05
1.834568839232942e-05
1.12118398282135e-05
1.4811157920018302e-05
1.12118398282135e-05
1.3019746893534467e-05
0.0
1.913708254677182e-06
0.0
0.0
1.913708254677182e-06
7.54528997614079e-06
9.387127031117437e-06
2.5229515763818266e-05
2.0089385902342105e-05
3.188040998522101e-05
3.9889765917056066e-05
3.9889765917056066e-05
3.3508575192937596e-05
3.9889765917056066e-05
3.512337636941698e-05
3.6725033212918755e-05
4.4543474160108065e-05
5.353350101356291e-05
5.499276238344786e-05
5.206335669403428e-05
5.206335669403428e-05
5.0582164249826086e-05
5.353350101356291e-05
4.7585955160922563e-05
5.353350101356291e-05
4.908975470419685e-05
5.0582164249826086e-05
3.9889765917056066e-05
3.9889765917056066e-05
3.831376003126774e-05
3.9889765917056066e-05
3.831376003126774e-05
3.3508575192937596e-05
4.908975470419685e-05
5.499276238344786e-05
5.353350101356291e-05
4.7585955160922563e-05
4.607058868192571e-05
4.7585955160922563e-05
4.607058868192571e-05
4.7585955160922563e-05
4.908975470419685e-05
5.206335669403428e-05
5.206335669403428e-05
4.908975470419685e-05
4.908975470419685e-05
4.607058868192571e-05
4.607058868192571e-05
5.0582164249826086e-05
5.499276238344786e-05
5.644130229037536e-05
5.499276238344786e-05
3.831376003126774e-05
4.607058868192571e-05
5.353350101356291e-05
5.0582164249826086e-05
5.787927864187026e-05
5.0582164249826086e-05
6.213135393312585e-05
7.5677627793731e-05
7.037011789559511e-05
7.5677627793731e-05
7.698251877235717e-05
7.956673002387671e-05
8.084627344694173e-05
7.956673002387671e-05
8.211758719748774e-05
8.084627344694173e-05
8.084627344694173e-05
7.956673002387671e-05
8.084627344694173e-05
8.338077747929162e-05
8.211758719748774e-05
8.084627344694173e-05
8.084627344694173e-05
0.00010370585812951471
0.00010819958992701829
0.00010596546221607994
0.0001115042625935847
0.00010930728012813029
0.00011582651963128799
0.0001168925243545993
0.00011475475482769504
0.0001168925243545993
0.00012522045521926595
0.0001241983743939401
0.00012724896608508728
0.00012724896608508728
0.00013124486430392322
0.0001341899069870034
0.00013516196692734406
0.0001341899069870034
0.00013900335023376843
0.00013900335023376843
0.00014462974795624418
0.00014647039115083693
0.000141836447139152
0.00013995220834534417
0.00013612929527494932
0.0001341899069870034
0.00013709193831473732
0.00013709193831473732
0.00013900335023376843
0.00013900335023376843
0.00013804994165363515
0.00013995220834534417
0.0001408965596392142
0.00014277191325381633
0.00014462974795624418
0.0001437029997884376
0.00015099885347820806
0.0001554265735384064
0.00016061306926948182
0.0001588991992867528
0.00016061306926948182
0.0001639972047941063
0.0001681481334387813
0.00017540876090108126
